0118110. 101

Mors nulli 181811 aetati. Eripuit 18118 venerandum senem, qui his
118181111111111 881818 longe antecessit, 8111111111 1811111111, 1118181111

1111111118 1111118181ρί1 181 1811810181111188 18111811118811, 88181 11111818181881·
1811111118 1111818111. Β188881, 1822. 8⁰. 80 8181. 8118881, 1882. 8⁰.
8811 881 1181111 81 1811811. 11811181. 8118881, 1828. 8⁶.
0818111181 18 81881. ’.1881881181 1118881, 1828. 8⁰.
0181181 1818181 en 88 11188811 881 1888111188818 1181. 11118881, 1828. 80.
118881181888180118818118118,1811 18111118111 1811188181018811118. 11811811, 1821. 80.
8188118811 111 88 Ν888118188818 111811818 81 Ρ18188811111811. 11811811, 1888-20.

8888188. 80.
χ 1118118 111881818111 18818811118111881 88111888118188818 1181, 1188181188 11 8811118118·
1181111181 8181118118 8118811111811. 1181181, 1828. 80.

Hundleiding 181 88 8118118818 0881188818 881 1888881881, 1118188118ἱά 181 18111118
11118888111818 8118118. 1181818 cursus: 181 88 11881818111881 181 op den 1818 180011118811,
1832-88. 28111181. 80. 118888 8111181 111180018181881811118. 11118811 1888. 108111. 80.

0118ηοί83181 81811111881118881181888181818181, 11 2111888111181. 11118811, 1888. 181.
188181111181 181181 811818181188181811111. 11118811, 1838. 80. - 081 81881 881 titel:
88118110181111881Νώ8118181818081811888118. 111818811818 181 18111118111 181 811881-
1118 811 181 verduidelijking der gelijktijdige 181888118111811818,1811118181018181111
88 818818818188881181118181. 11118811, 1818. 80.

81181818 18188 088818118111188881 1888111888. 11118811, 1888. 80.

11811181. 118881181111 uit 8811 1118111181 181 88 1181188 ’11181 0111818181 door 1.. 8.
1188811111. 11118811, 1888. 80.

1818 8181 Jacob 88 0881811111 1118111111. 11118811 1888. 80.

018118 88 8118188 11811. Dicta 11111188 818 XXVI 1111111 1888. Hagno Comitis, 1810. 40.

1111811881 1118881118, 811881 188881811111 vnn eenige 0818818811. 011181818188811181.
1. 8. 1188811111, 1· 88 8011111. 11118811, 1811141810.

118111111188 181 181 1188181 8881 8111111 11111881, 18881818 8818 1811118811 8181 ’

18181188 8188111811, 8881 1188881 11181118. Uitgeg. door 1.. 8. 11888111. 11118811, 1810. 88.

1188811188 881 Koning 11 1111181188118818181181. Β11 gelegenheid 111 Z. 11. 111188
11181181 18 11118811, Mei 1811. 1111111 181 1. 1111111111. 11118811, 1811. 80.

81811811 81 8811818881 188188 8888181111 881 8118118818 088811888118 181 181 11881·
’ 1118. 0118811 1818. 2888181. 80.

8111818118111 Ν8881181188818118181811111818 81 01811818 888811 1108 181 op 81188 1118.
10 8881. Pron. 11118811, 1811. 12⁰.

Kort 1811111881 111818818088811888118 1811 818 1888118118, 1811 881118818181 1118181
8181118 88181. 11118811, 1818. 120. - 118888 1818818118 81 1811818188 8181. 11118811,
1818. 120. - 0818818111188188188 81 1811818188 8111. 11118811 1888. 120.

 

